-4297
6908
4258
-1954
-6637
7345
2961
-1403
8352
-8743
3775
5509
-2211
8918
-6058
8539
2165
6841
2655
6977
9019
-912
-9041
9585
-9367
5108
4947
-3841
7759
-9138
-5480
6204
-7686
4547
6589
-8762
6813
9160
-8219
1969
5428
-3627
5628
9606
-2870
3791
5383
6370
-1043
-6575
8164
-9752
-6373
-6868
2533
-1646
6800
-9357
5420
-2670
-222
-5100
-8789
6994
1807
-8796
5556
-6497
-5714
3776
8680
8852
-2956
-4522
-1920
9526
-2455
2382
4267
-7096
-6291
4426
-9125
9877
-4466
-9340
810
9287
-1212
-3577
-4565
-3908
7947
2648
4063
-1725
-7709
9590
3525
-587
-1278
8142
9499
3838
7108
850
-9346
-8005
-2087
-9333
-2873
3133
-1555
-2509
-6933
-9706
9330
2536
4089
-5936
-7386
-9286
5058
-9869
-7081
-1105
-2914
2903
-3100
-7188
-6719
-6492
-248
-6245
-3573
-4825
4559
-8195
-7830
4883
-2820
9117
-4288
7021
4059
7920
-933
1143
-1302
7617
-5166
2017
-643
-6956
6810
-3640
2071
3209
-6724
8377
-1686
3409
109
9618
1292
-1287
-5719
-902
6920
-6491
9608
7242
-7063
3149
-5303
-3903
5401
4665
-2585
-2421
5608
9762
4936
3899
-9843
-4223
3530
6409
-781
6229
4510
3595
8012
3297
6393
5873
3832
-8570
-8537
-8305
6200
9287
2777
-6885
-3376
6395
6253
-5390
-8310
3784
-5331
-186
2045
3601
-1879
9058
3330
-1227
-3238
-7612
-924
-8416
5315
1314
1019
-2537
7012
9779
-7748
-1297
8027
-9325
7275
770
8494
-5556
-4133
3996
-4496
-4071
7615
5009
-9466
-1042
3298
8021
9899
-5320
5766
8159
4922
5432
8736
2191
-2492
-5048
-3563
7223
-7863
-246
-7806
6095
4846
7528
-8880
-3229
7704
-1628
-526
-5841
3277
-317
473
4601
-9820
1101
-4394
-7586
-4252
9740
2443
-6662
1778
7218
3378
4474
4559
8899
-813
6025
-8094
-7323
6073
-9774
-2368
-8150
-3772
-3868
3893
-3308
-3352
-9660
5155
2073
-2730
-5503
-6789
8339
17
-5547
-9293
-7846
4562
-8677
7292
984
2384
5068
-6198
-6677
-1515
6976
-246
3581
33
-6399
-5970
-4284
-3068
6164
-4232
8839
-6016
741
-9649
7170
-7346
2366
8361
-8875
-2067
7108
8177
-5918
-27
4215
9268
4769
-678
8834
-4231
3165
1969
1701
-3804
7986
-6046
7531
7588
-6012
9330
1455
3217
7441
-7532
7650
3534
-5847
2223
-4188
2875
-7830
5085
-6496
-8650
5716
6946
-7774
-9103
-2411
1036
-8385
-4852
-7355
-8198
4997
7279
-7571
8116
1155
-2791
6249
-3087
7617
4793
-8599
-5219
-9246
999
-7562
-3163
7228
493
-295
-9683
5571
-516
-1625
-6164
-8029
1431
2483
-21
9804
9604
1197
-2784
9037
-9299
7550
8362
-5831
-4116
698
-665
7441
-3847
-7534
-6824
-5904
1314
-7809
8597
8073
1271
1515
-4985
-7170
3294
-4898
-8769
-1846
-6511
9986
7327
9021
1225
8171
2589
-2284
-731
-692
-3155
-5762
-5233
-6822
4460
-2586
-9316
-5973
-7511
-1000
-4757
-6648
-9372
-9267
-8476
4118
-1052
-2278
-7462
3879
-7167
5224
1426
5325
-3288
-1070
9405
8607
2876
-538
7311
7882
-9634
-8357
-5920
5581
6987
-8089
4728
6904
-1397
7620
-1494
2207
-3475
-6196
9739
-8038
8526
4355
5867
3758
-3165
-6001
-9375
-9696
6189
9019
-4602
6674
800
-3675
-8683
-2710
4361
3994
-5376
-8394
-5346
7693
3037
1307
9727
9038
-3147
5284
7402
7620
4476
404
8342
5577
6943
1647
-5727
9915
-6623
5295
-3129
4719
1216
-1714
7572
-9070
-4396
3723
-4240
2429
-8072
-2213
1898
3647
5066
5251
9437
-6413
4435
-6512
-1157
373
4671
8851
-5694
-1913
-6871
-284
6234
-7173
-8938
953
7307
9632
5209
9235
-3010
-2934
7987
4103
-7385
-1404
3536
-2978
1444
8147
8938
-5860
8738
341
-9142
-8439
2884
-8680
-2088
-7376
6631
8969
-7431
-2233
-2580
9967
4524
1249
-1767
-9671
8993
-2077
-8164
5732
9647
102
-87
-8229
7505
-3252
-7751
-3050
7731
-8908
-6486
8489
9798
-3684
-4245
-6137
8375
-3844
2744
206
-1774
8004
2685
-6304
2969
9126
2023
-4507
-4420
-7649
6651
759
-4768
-3733
-2462
-1129
5103
3074
2189
-8087
8159
-8988
-7577
9384
7210
6299
-9538
-5667
-2798
-2145
-2490
-4753
3142
-4814
500
940
-2675
5526
6160
851
8422
-7212
-5539
-966
-9160
-2464
5392
9858
974
4439
-7297
9190
-573
-5527
4227
-5375
-6792
2588
7505
-4781
-8744
1874
1830
4378
4243
571
-6954
3399
3130
29
-9697
2246
740
7280
-6934
-5574
9251
9931
9235
7349
653
-1657
-8202
-8242
-3646
865
-6155
-8051
986
-5616
3751
6034
6046
-1351
-7773
-8300
-4507
3014
7348
-4413
7577
4793
8473
-5342
1437
2232
5651
-7911
5
-2255
-3672
4671
9461
-828
1956
2277
-705
4040
1358
-8202
-6553
-200
-7710
-865
7767
-1437
-5200
-9096
-2812
-1065
-1534
7100
1008
3842
-5514
-2344
2534
-3200
-1692
5393
-2612
1436
-7145
3811
-5014
10
7792
-6961
1765
-7463
-101
7557
9679
8988
-8274
-677
-9473
6541
2620
6526
-1800
9689
5008
1192
-1085
-1878
9832
-7637
-5175
1268
-648
4553
-3955
4141
-8437
-8840
9149
-167
4366
5241
1105
-1881
-3592
-8019
8936
-5439
-8653
9019
-6935
-4819
8398
-9522
-8431
-4701
3249
-7934
-3727
3716
-9586
-6775
-4258
3431
-319
-1252
6560
-8483
-317
-5910
-404
1290
-7929
-1501
655
2064
-6437
-9534
8513
-5132
9507
4872
-6266
-6295
-6045
-6727
7320
-3774
-4437
-9368
9540
8450
2486
-8306
-2500
7335
-1996
-1267
8297
-4523
3944
5676
-4564
3281
-3809
552
-9190
-7053
-9550
-6384
-502
-8695
-7211
8224
6470
-6568
1154
-6638
1935
-4101
-506
-5787
5186
-2250
9956
6098
-8462
6856
7591
8240
3490
2398
-5259
-7609
-3729
5124
5598
3189
-3582
5626
-5586
1096
6317
-5681
5934
-3767
5698
7318
4352
3109
2356
6268
8973
7821
-3894
7429
4065
-3911
7960
-2993
-2833
-5293
-1859
4795
8478
6881
9136
-2256
-4294
-4888
5551
638
-8444
6898
-6072
-9971
2524
-5330
-6318
-8727
9454
-4694
-3133
7262
4625
-5514
-6187
-8618
-165
7166
9327
8797
-6248
1079
-8513
-7600
9181
-4374
-1144
-8053
3223
-3411
171
1210
5627
5084
-7501
8933
-1193
-1334
7792
7250
-8042
-8975
1282
-4541
-3457
-4874
8122
9934
-3914
-502
2513
-2679
4455
5236
1348
4565
9471
1603
9531
-6718
8960
685
-534
2205
-3032
-9147
-2920
-3250
3384
3030
743
-3608
6791
-8906
-8082
7503
-4624
5660
-7782
-8439
-4046
4859
-857
4195
1675
-312
1491
3320
9888
1045
6504
3027
-208
7465
8941
972
-4886
-6235
-1075
-4771
1924
8685
-6024
-5303
-3091
8745
1458
9773
-2199
-8200
903
-3113
-2480
8272
-242
-8055
430
-5948
-5574
7087
-5878
-9457
-5824
-3403
-8472
9825
74
8983
4024
1945
5710
-3387
1802
2180
-6616
-3326
7793
1502
-5525
5988
2999
-4320
-5097
-5752
-6348
-7565
7135
8080
6753
203
3467
-1436
-2585
-1835
2438
4713
1522
2861
-5000
-6919
8851
9201
-6978
-31
7128
-1777
-2766
4251
6589
-7366
-2755
4207
1443
-8433
2061
3823
791
-7319
2553
1233
-7656
2820
28
3595
-2634
-7280
389
2554
1246
-8598
-4829
-8542
-7052
-1967
5348
9950
-9721
-700
-9116
-5629
839
-9153
-9947
-6392
5882
-8174
4389
4526
7668
6612
-8468
4228
-7729
-4606
-8400
-8461
7045
538
92
3350
8279
5572
-1883
6173
-5868
2386
-4495
-5354
-1784
4463
-5161
-407
-434
-4620
1623
-2907
5290
4838
-9801
-1290
-5396
7663
-5103
-9629
-1240
6959
9573
-4515
-743
-9870
3889
-3724
-8281
9803
2647
87
8089
6125
-8051
-9724
-3865
-7290
-658
7774
6910
9318
-1756
-8655
5632
-2183
7914
3211
-9891
-1375
8504
5900
2575
-8497
1984
6390
-3404
-4875
-44
9547
107
-8383
3576
432
-1008
-6903
8706
5405
6952
-7435
6734
-2122
-436
4246
4463
1360
-2436
6411
-9069
-7162
8341
-5988
4662
8217
-4520
9057
-8890
-8011
-6165
2155
-2373
5222
-1125
3890
1442
9412
-931
1785
-7945
-5089
-1058
-1613
9710
9572
-1174
9225
7104
-1987
4445
9992
-1828
6940
8845
6783
-6105
-9204
-8938
-4729
-2155
-8399
783
-7515
6483
8303
842
-2514
-1193
-3606
-2350
-7273
2039
6047
-4363
5068
-8881
508
-5494
-5415
-257
7448
4055
-4984
-3915
-3082
-9310
-183
3187
-9468
-7818
7285
-6697
-5832
-4871
-2455
6520
2206
-8289
5451
3619
-4821
-2641
5347
-7371
-2511
9243
-6098
-1325
-244
-3807
-296
-8200
6473
7770
-4963
6785
-1425
-1000
-900
-8065
-7260
1913
-1326
-3502
-3890
5404
1622
-4102
8487
-7540
-2570
6843
-4162
6225
3281
901
5755
-1095
6786
-9893
1850
-7593
-4332
2004
6944
8298
6341
2625
681
8426
1435
-1267
-528
-6106
-9430
5880
7493
-8636
-287
3401
-9137
6010
-4637
3863
9765
5090
7101
-48
9536
5208
-557
-5902
-6112
2124
2297
7464
-1994
-4316
4218
-9638
-4195
-3090
-6520
8547
4136
3188
1771
-6155
-6121
1005
-6124
-8489
-8937
9268
-1349
6466
-7617
-5775
7878
-163
-2920
692
3490
-8035
-8362
4260
25
7047
7034
-3813
1198
-6871
-7659
4463
6344
8210
-2271
5947
-9341
-3270
4312
3328
1179
2820
2075
3196
-3196
-8250
5336
-1199
-3346
9344
-1984
-5298
7983
-8574
-7502
-9478
-6969
873
-4697
-9372
-3833
2712
-1222
-4023
-7402
2664
-6635
1758
1047
-1
-5222
-3357
8236
6498
1504
5870
3089
9346
-9100
-355
-7556
-9181
7169
-8709
8881
138
4789
-2205
-2506
-3682
-6718
-6722
-7364
5909
2012
1047
5421
6217
1721
9636
-946
-8050
-2577
-8069
-6484
9257
-7639
6374
9442
3290
-5057
-432
-6326
9563
-1807
8726
9630
9676
-6734
4283
-3271
4309
-3647
9607
819
-2358
6626
-1415
6507
-5952
-2975
2634
2217
-3748
2561
-9453
-3398
-8720
-4031
-730
2898
2454
472
4902
7318
750
-3664
-476
5630
-8147
-4842
-9773
3844
83
-8988
-8256
-2735
6243
2224
-1439
916
2705
-9056
-3164
701
-9294
1944
-8726
9123
-7062
7183
1214
-8234
6431
4726
-5203
-2964
2906
-7722
-5883
-2076
-695
2734
3570
-8249
-9607
4995
-6291
-807
-5937
-7679
-6779
261
8449
8155
4179
85
-2714
4670
-6444
1209
1003
-5159
-9530
5074
8771
-82
-6294
8909
-6649
-2791
-9034
-3644
-8517
3907
3935
6913
8247
-4975
-732
-2746
-6072
4323
-4535
8867
6245
-6159
-191
4889
5913
-3898
-8923
-2047
-7138
5905
-7284
8222
-1034
-1473
-5546
8164
6612
2528
-1499
-1559
-6004
891
-9298
7628
-8859
7199
-4725
-9189
5657
2144
5391
-8794
2028
-1592
-5142
-6644
-8565
790
-8979
5313
7406
8071
1548
-2033
-5766
-3808
-7233
-9341
-7245
4548
-4915
1711
-4665
-6349
330
8428
-98
7298
-5598
-4560
-5561
-6423
676
-2697
-5796
6247
1960
-5866
-6521
4861
4418
-4955
-1747
-6714
-1128
-7509
846
2857
-2816
-6935
8937
-6287
6878
-9324
1147
162
8013
-1273
6220
-5055
-2463
-830
1435
8615
5057
-3856
5139
2476
5814
6941
5584
-44
6750
7521
7254
-7510
-1105
-3850
-4966
1322
19
-2935
-3284
-9427
-6795
-3633
3260
6796
-4051
-9837
-6289
-4173
186
3361
1246
-7535
717
-6388
-7975
3077
2849
7721
-4530
-6391
7078
-8858
3295
2103
6382
-4714
7423
-5307
-6802
-5496
7667
-8036
-9131
-4701
-9702
2171
5336
-2080
8467
1618
-785
-9588
4504
-9501
-8840
2062
-8933
6367
1338
-1552
7121
7969
-9534
-9230
-3769
3501
-91
-8689
5726
-4884
-3880
6599
4638
-5271
-9069
-7246
6227
-1602
-47
1573
-2989
-9282
2494
2359
8920
-4025
-4781
-9558
4211
-1913
7379
2441
-7225
-1629
7593
8653
-9338
9281
8552
8959
-7780
7981
9608
-4999
-4348
-4761
-8013
-7946
-1834
-2111
-5064
2979
-4283
-4178
-3724
3832
-1505
-9820
1197
-1592
9348
120
5220
-17
-5734
-4258
9384
-3799
1972
2514
-885
6798
-8175
-6164
-9660
-4529
2820
9328
2249
5794
-8945
-2379
465
6908
-5348
8461
1102
3837
6178
4849
-8643
5613
3455
9604
9104
-8208
-6800
-5371
877
28
8656
-3963
-4560
-9036
-2635
-8370
-5370
350
8325
-5585
6756
1934
-5728
5938
-835
3159
-9344
3544
-9530
-6841
6116
2187
5133
5084
2516
-7236
4866
-1825
1580
-2558
-5878
-8425
8890
-3023
-7906
1811
-1689
-6846
-7992
-8601
7355
-8248
-6892
-6189
-8654
-686
-3583
3139
3103
3304
-8796
-9273
-5170
992
-5783
2474
7295
-5958
9043
-8773
148
2188
38
-1424
-4206
-4816
5439
1996
4448
-1929
-9515
-1956
-6736
-1884
-4322
5576
-4816
5556
7133
6788
44
-2485
-787
-827
6728
4122
-5869
-5017
7861
3712
2344
8928
-1137
1459
6951
2758
5962
-8542
9929
6821
1243
-4225
2655
9526
-7986
3537
-8344
3286
-3758
-3872
193
6133
-5995
7004
6847
-5623
6218
-7429
1872
2989
2780
-3041
6838
324
4502
5199
5705
4201
-7491
3237
8324
2553
6460
8308
943
-9144
7707
-7975
-5699
7601
-993
-3820
-6394
-3781
-3936
3358
2697
4774
5252
685
8577
4800
-3584
1669
-6433
4589
-5828
-9588
6703
2369
-2530
-5778
9969
-958
-8473
-5247
-1240
-4508
-1022
-1355
2979
-5812
671
-1227
6648
-1919
7681
-7681
-6590
-9096
-7003
-9821
-2661
1452
-6546
-2203
-1877
-7102
-1724
4718
5577
-4879
-6663
-8954
4252
-9292
-9297
1757
3421
7101
615
7673
-8132
9970
-3652
9291
9252
-9803
-105
9945
5440
-2792
-4785
-5501
5723
3462
-493
3488
3929
-9660
218
-1981
3760
-1396
-4366
-6316
4199
-709
9749
4075
-2509
6656
2544
-6817
2444
-4104
-2210
-2948
-9800
7863
-3598
-6226
-5359
3743
9820
2174
2327
-4807
-1405
-3631
8752
8898
303
-298
2129
7294
1467
-5622
-9391
-6712
-3928
-7945
3808
7767
-5824
-2956
-4699
-8196
7220
446
9366
1494
-1457
-9071
489
-673
2124
-1200
1262
7886
-1257
-6504
-6806
-9621
-7224
-7993
-4394
-6920
1297
9033
4557
8761
-5338
-9090
526
-9306
5938
-5720
2566
-572
1944
736
9279
-3589
-5566
7734
-3619
4780
3479
4813
3898
-206
-458
-1906
3580
-2404
-7979
-4760
-5608
6630
-4421
2926
3317
5278
-4104
-5307
-3658
1763
2578
-1696
-9693
8747
-1531
-4597
7161
-9810
5142
-9756
6696
6883
-2410
-3264
1617
-2973
-9688
5714
-3454
-1794
-1824
-6468
-5191
7119
-5915
-4340
8382
7860
6686
9317
6761
398
-2583
2053
-9621
3767
5037
-6933
-6868
-5542
-2768
-9135
7477
-7024
6967
1629
-8305
-6398
2691
-4163
4550
3503
2993
-5964
4739
-6441
4579
-2433
-336
-7851
1542
-2150
5689
7483
263
-2882
-853
-3125
-5392
-8265
4120
-8110
-8640
4008
-8689
1322
8426
9967
8625
6012
-5547
-8976
3613
-5290
-2212
1057
8729
9904
8373
8799
-9578
-1840
-2186
177
9768
2397
-2285
3765
-7598
6596
2375
-7465
-2368
-4408
3246
-9297
7923
1450
-3094
2246
5266
9234
-6950
-7599
-2310
7348
4380
6613
-8410
-4273
-2847
-8617
-1327
-2734
-847
-8267
-5581
9210
-9552
1127
6959
-1925
-6390
-420
2938
3804
1507
9441
-3021
-7468
5372
-5192
-7841
7579
-3478
8268
-6323
-2455
2338
-5773
6529
-7301
3902
-970
-7363
7021
8993
-8179
-6865
987
-9004
4750
-2904
2566
-8730
8775
624
2299
-1038
1038
-2784
7411
-3667
-568
-6359
517
8820
-3220
-8747
-4505
4379
-8781
-9491
-4258
-6622
-3437
-4340
-2597
-5661
-4239
2011
-9073
-1279
-4691
-1037
-6125
3972
1212
7108
4334
-8342
-9296
4917
4750
-4969
-7396
7010
-275
-1380
-605
1202
-1527
8242
1184
7734
1233
-537
-3744
-2375
-2663
-9899
-8292
8582
-741
3739
3541
-7899
2399
9443
3030
-9382
6238
-3077
-2233
5447
4286
-711
2503
-1507
9504
-2587
281
5010
-1998
-6363
-9576
-9926
-5044
-9610
-6787
-6567
-6835
-6615
-6044
4558
-2142
9738
-7536
-6541
9159
-2404
4016
4700
3660
6753
-8472
-9787
1780
3138
-7773
-8386
8893
419
-9230
2468
3158
-6187
-4413
4
-3205
-6964
401
-4586
-9047
-3475
6077
5749
8779
7207
-5924
7144
1314
1533
-7286
1081
-626
-8864
7119
3975
6395
-4091
5989
-4125
-1158
1245
-1696
-4809
1786
-755
9723
-1894
6423
-4951
-9874
-875
-9701
-5728
4173
-8620
2380
1636
5290
-8799
1580
8215
-8958
-6542
-2811
2040
-868
-5799
-9448
575
4886
-2729
2274
-247
-9475
8529
4181
6343
-6698
8539
3448
2006
-2492
-5681
-3842
-9385
-1510
1883
2267
3897
-5304
7445
593
9478
-4254
897
5527
-737
-149
8313
-7778
-6895
5130
3612
6217
4497
-6526
2457
-6838
8333
8833
-5078
6858
-7180
-6186
-3545
7559
3069
-6451
4978
-7150
-613
-5542
-4649
-2952
-9207
-6101
6926
1045
-7044
-3528
4662
6555
5870
-5204
6788
-2877
9665
-7560
2359
-1587
-6014
-9051
-8407
7313
6332
5915
3294
-7768
-9548
-8782
-1961
4146
2020
-5111
7869
-8833
8239
-9029
9377
5792
-481
-1091
9776
8319
-7503
-9231
7636
6194
2600
13
-6940
591
-4716
6993
3607
9226
-3960
7124
294
887
8435
2024
-2962
-1859
9039
-4112
7673
-9225
-9035
9085
-866
6839
-4620
7829
9705
7976
5139
-8510
1715
9000
5342
-3904
9686
-3463
-6285
5487
1643
9518
-7319
-8424
-4295
-3984
-6455
-6014
-3307
-4344
7229
-5587
9331
-3601
6934
2718
-6424
-1479
3722
-7142
-3266
-4213
-2060
6037
3200
2077
3755
-4910
-5650
-1537
3945
-6759
8798
-802
10
875
-7499
-1343
-2803
-4523
5784
9292
-8247
-1186
1806
9026
-9209
3046
8317
2818
-1571
4907
5811
-1822
8624
2871
-9053
-2412
-3067
3705
3226
6677
-5813
-1520
4240
-5777
-2706
-1046
747
-969
9992
6430
1856
-6291
-3262
4297
-511
2687
-6644
871
5358
-8003
6466
6562
4606
2760
-7055
-7883
-8251
6433
-8092
5198
-9962
1330
1509
5612
-7319
2830
-3771
-4112
8385
-4902
-5686
-5119
-4312
-6857
-2821
-9664
2334
4015
1656
3693
1759
8642
-2087
7065
-8364
2334
3140
1446
363
-5899
1578
8179
3330
-4574
-7997
-6130
2697
-3119
-1563
-797
-7910
-4190
-9409
3938
-4293
-3522
-9151
5136
6676
6875
4904
6560
8215
5955
-4024
2953
3837
2399
1368
-3214
9085
5780
3813
4400
3459
-5794
1280
-6403
-6738
-5851
-3890
1341
3262
-4432
8872
9615
6234
-9483
-6779
-9324
-9214
-1423
-2033
8077
-5880
6208
7970
2104
-4287
7160
-1626
2619
-559
7816
-5936
5566
-9499
8583
3076
-4505
8834
-1151
8801
-8634
-2511
794
-9723
8426
-3355
1486
-4244
-1829
2749
2680
-1122
-6231
-4580
4971
8595
734
5183
-8679
3627
-6610
4591
-7143
-2484
7103
7805
8533
990
-6325
-2069
7944
-246
-1539
1691
9405
-7144
-7229
-7643
1610
3260
-5886
-1689
6139
-2344
-723
4518
-9935
-1405
5356
6032
1560
5304
942
-2549
9207
1776
-2227
194
3079
-1651
-6857
-7536
4433
6949
3781
687
269
-3369
-2358
-1280
-7497
-8379
647
877
-4527
-9876
-7874
-7935
-6515
968
4291
7474
7781
-6340
1211
-3923
-4746
-6376
-3094
5288
-5591
1062
4219
9751
546
-1647
8447
588
-4013
-7507
896
6205
5745
2389
2752
3538
6381
-7148
5955
-2285
-8040
-4942
-4291
-7044
-6894
1430
7140
2147
3764
2860
7759
2723
1851
-5218
9747
-8405
-8583
2266
-7170
-459
-5541
-9921
2748
-1891
6317
-2445
1308
-5655
-652
-4267
629
-8157
-7497
6948
-2022
-1120
-3931
-9831
15
3433
-1699
-1631
3574
5562
1162
-1389
6869
-4854
-5148
-53
8213
-8493
-2488
-8407
5070
-2064
-3696
-8994
-8000
-2338
-4126
6605
63
-9167
4711
-2769
-8124
-410
-7340
5608
8666
2555
7275
1858
2390
-6624
-7867
-2674
-2237
-5785
1050
-4274
5231
-2958
-4900
7832
1987
-7653
-2566
-1933
-6053
-1032
-6569
225
8452
8522
-8744
6377
-524
-9
2538
8991
-7153
3083
-6325
649
-9024
1702
3423
6747
215
-7754
7174
6308
-4544
-7761
7109
7773
6186
-4979
-4560
4298
7954
5819
2535
3286
-6809
-7100
-1120
-4147
7965
8043
-8459
-8062
7198
1163
-2112
8495
-6654
4380
-7703
5595
-3854
7725
-9236
5325
9590
3387
7064
334
-5282
-2657
-5666
-4958
75
2946
-5206
-5630
-3980
9351
3905
447
-6630
-7889
8693
7790
8433
1294
-3919
5347
1544
-3357
-5156
-3502
3313
-1279
-1903
519
7737
-1314
-8865
-7025
2418
-1231
-9898
-8785
-1402
-1199
9953
-3397
-5101
7443
-4313
-2333
-8741
-6480
-5035
-5278
-2273
-672
-7157
-2838
9856
1797
6878
1944
-4610
3584
8452
4713
4375
-7391
-5148
-1863
-3414
-4917
-5315
-9273
-2196
-9099
2165
7372
8946
6542
-190
4174
8221
-3748
5866
-3460
-7859
3391
-7827
7551
119
8638
6529
-5349
6225
3281
3149
8560
986
29
-9845
-1087
4598
-8907
-805
-7220
-7484
-7803
-3629
907
523
-4822
7609
7463
9044
2711
-6052
3953
4843
9247
-5386
1567
67
231
-7943
4348
3498
7347
9503
-6546
-7854
-7262
8543
-8489
-4140
5261
5464
-8202
-8521
384
6625
205
7612
204
-983
3447
3806
-180
9518
8733
632
-297
-2597
6358
3346
5725
-4375
4265
1214
-9206
8259
-3665
1299
-9851
-943
4245
-546
-8551
4913
-248
-2658
-4003
1878
3670
-2596
-6502
8842
-4414
9247
-5542
-7272
8903
-7409
937
-7150
-314
7694
-3367
-8798
-9623
9411
-6850
-5354
-8391
-1520
-1098
-9501
5489
-4210
-3628
-5725
-8586
9742
4761
4194
9165
8671
4871
-4688
-1883
6428
-8360
7618
8577
363
8398
-9558
-6604
-2176
6601
-5082
-8652
462
606
-6824
-5173
3062
8405
991
-1132
5612
9387
1950
7270
-3249
8304
-5369
-9711
-241
94
-2340
3823
9876
9261
2128
-4816
7954
7996
9659
-809
-7952
-1009
9186
5873
-6371
-2253
5492
5023
-6728
2509
-1158
-6362
-3838
5597
181
4473
-2593
-5348
8147
9957
6311
7599
-4494
-9959
-4241
-6149
-9499
9493
7233
-4596
-579
6359
-9599
254
7581
-2200
-5478
8194
8020
2765
-9089
5149
957
6198
1379
-9085
1150
-7924
8193
7136
-52
-1591
-3178
-4630
2243
-4284
-8877
2469
-9574
-5324
3769
1249
-2150
-8252
-8346
-8007
4684
-2097
-3403
3922
3896
8614
4220
-5383
-5851
-5851
8291
-1805
7469
2582
1779
-1301
2356
8567
4067
-8076
-8661
4048
6854
-8060
8754
-4455
-6293
156
-1983
1341
9224
-9537
-1818
-8597
-5334
7462
8144
-8961
2324
329
-2175
1773
-8273
-9823
-8274
5176
3313
4652
-8841
-1676
5078
7577
-5037
-3536
7252
-8049
360
2149
910
-2230
2062
947
4021
-5946
2024
9717
7707
6871
-2732
-8722
-814
6878
2623
6449
2080
-679
-362
9711
-4812
-7881
4576
7296
1628
-1313
-7137
5247
4062
6622
9264
-6501
4593
-7507
-9839
4973
9099
5280
5471
4427
5976
4079
-4960
7652
6677
7753
2013
5334
-8847
6051
-8722
7627
-7432
-7942
2145
5036
5104
-6818
6574
4334
-2357
-309
-6556
-7383
4674
5544
6784
-5571
-7578
-8844
2665
-1230
-9075
-7509
-3463
-167
4891
8849
8610
2527
-6209
158
-5337
-6347
-2005
-6283
-3350
3237
6411
9946
-5354
-2871
3398
6868
-2346
5626
4145
-6338
3429
-976
3599
2318
-3551
1704
-9265
3957
-8588
9718
-2836
-5869
-4706
-7625
2522
3928
3888
-5757
-4474
-9548
1378
143
8849
8141
-8682
-5869
852
-6107
1075
6073
-8370
-9399
-3173
9708
9734
-5582
-9227
527
2788
8440
-2791
-4930
-7
-7200
-4577
-6243
2295
-5504
2699
1231
-4301
8622
-7080
8789
-2818
7274
7455
-1541
3774
492
207
9099
-6835
1472
-3156
-1424
7888
7869
-4130
4374
-524
4817
3261
9732
4647
2487
-4152
4833
6149
5085
4742
-5172
-5428
2745
2790
-1637
-6602
3535
-9032
-9728
1755
4214
9949
-5664
6543
-330
3094
5546
9296
-8739
-6728
3728
-2863
-8235
-2755
5786
8713
9947
4055
8592
1996
7515
3291
4964
-8914
913
-4946
-7539
-3565
-7975
8784
-2670
-5445
7125
1071
1430
-213
9005
-9432
825
-2891
-9870
8420
-1535
-4604
-3430
2335
6867
-2099
3090
2975
9644
2574
-9789
-443
2943
7485
-283
-6350
-675
1738
8773
-8614
727
8536
895
-4245
-9225
-8990
9125
55
6315
6754
1400
-8797
-3838
4322
7811
-8682
1217
-5986
-4567
-4190
4451
-1101
5874
1470
-2201
-7341
9118
3617
9641
-8001
7572
6185
5693
8206
5813
-1760
-9429
-7068
3237
-242
4961
-4035
-4149
-2766
-9653
-4297
3547
2432
-9257
-2852
-5939
6623
3737
-5738
-7197
9733
-2238
-3830
-3897
-1915
7804
-693
-6609
6084
-6338
-4371
-3428
-9230
9690
-2288
9395
1302
6543
6972
-5377
8082
-1274
-658
-9172
6939
9806
-6127
-4657
3219
-356
864
-2268
8998
7977
-3418
9555
-4304
-7914
7288
4219
-3424
-7460
8489
-1213
-1960
2862
2891
-6141
-5947
2442
-189
3420
793
-5197
-5876
-3410
-6842
4945
-3616
-2892
-2181
-22
-5992
9960
-4247
8991
8711
5566
-7829
9019
1786
340
-3161
3864
8363
5946
-733
4953
2014
-2987
-2894
-2625
-7575
-9594
3656
4382
-6370
5374
-404
5516
5619
-1712
-7301
-4186
1643
3040
4975
175
8108
3091
-8735
221
8099
6726
1280
7204
-635
2999
-8817
2114
-457
-683
4390
7946
-3719
4987
2082
-2332
-885
-3830
-1158
6169
1206
4046
5137
8866
6516
-9711
7506
-1071
7352
-3943
3984
645
3817
-4163
-3360
-8961
4789
9270
-7922
-7133
3130
8784
-7582
4948
-6998
5952
-8087
8919
2622
9512
-9760
-8852
-3517
-2642
-7385
-844
231
422
-7292
-8156
224
-3958
7238
5676
892
-1582
7755
9362
1590
2898
-4065
-2151
4018
265
-7713
-2188
-2250
2228
2774
-3005
-8347
8323
4849
-8269
-9590
-9819
-7911
6755
-9097
9696
-4898
4019
2372
1370
-2998
5493
5875
4146
7878
605
6802
-8891
9521
-5899
-7808
4085
-923
9928
3820
9895
4560
7607
-2985
-7286
3372
7821
7912
9178
-3452
-4489
-3974
-6391
1505
9050
-11
-56
-4702
7169
3973
5911
6750
-9159
-9306
-2427
466
4647
1299
5523
-4906
-2467
9135
-3329
-9530
-7357
4598
-506
1040
-6287
-2360
9347
4181
-3206
223
7917
-8957
5572
6414
1049
-4492
1212
-5435
-9945
3812
3923
1688
-2809
5889
7769
-7951
-3540
-3173
8899
-7182
-1826
-7528
5301
-1158
-972
-9056
-1239
269
8816
-4039
-3502
7897
91
1804
4989
1299
8037
-3206
4185
-9764
-9091
-6274
-4977
-3957
-1468
-9620
-3106
-2028
-1492
3569
7010
6890
4188
5971
-1987
853
9910
2602
-10000
-6199
9965
6475
-862
-7403
1978
7690
-3930
5340
2718
2015
681
9220
2312
-9099
8701
-4440
-2087
1665
3169
257
-814
-1341
3998
1054
2938
-9710
8181
1706
964
-5241
8018
7667
-7302
3414
2470
5158
459
8113
-9163
-3022
208
50
5285
-8490
-2609
4683
4583
6054
-6277
583
-3211
-2887
3226
6909
1297
3852
9260
-1863
7984
-8185
-2494
-9328
-9945
-9969
6578
-4543
-9211
-4637
6024
-527
573
-8944
930
5921
955
8921
2827
-4085
1945
1639
3180
-2047
2739
2494
-6257
984
5682
127
-4784
-2151
1431
-1449
1830
707
-6662
-3700
9367
1274
-6947
2352
-8026
8532
3532
213
4412
347
-855
-2409
9920
9702
5009
-3301
-258
-8684
-4474
4654
1551
-3224
-9993
-5257
8377
4468
895
435
6706
-9120
4177
319
-4826
4417
-4291
-6401
9875
9107
-5136
-4701
6090
7858
-6529
-7020
8465
8404
6471
-3864
-5974
-6158
8884
5754
871
1355
-9117
5331
-5943
4304
-452
-3248
5044
-9240
-1029
-226
8320
3901
4524
-8100
-7230
1905
1763
-1183
-5496
-5135
-6292
7179
-289
4966
8777
-5739
-7766
-2
-9702
2794
7206
-965
5960
-3359
4009
5707
4228
-9474
-2290
5960
-9882
-8831
7659
4507
-5177
-4561
-4634
7849
7150
-8176
-4062
3142
4163
-4193
8941
1026
1431
2148
1987
2185
4813
1468
-8477
3653
-2630
735
-3855
2868
-3255
1420
9952
-833
8461
9916
9558
6321
6944
2447
-5614
2656
7277
8122
119
-4458
4857
7848
-9870
-6428
-772
-7183
-2704
-3779
-3043
6618
288
-6450
1158
-937
3028
4597
-2612
5143
-8161
9139
-2413
9804
-2425
-7963
8447
-1939
4740
-3884
-555
4175
-6580
5241
876
-1605
500
-2208
-5361
8704
-7042
-6950
7097
-2160
9644
-5803
-4734
-4829
5052
-1762
-7359
3027
7867
-7180
4549
-9018
3821
3627
1715
4347
-4133
6873
6402
7572
8434
-7805
1216
-6784
231
-6166
-135
-9458
-1781
-8105
-3201
-5085
5572
442
8706
-9488
7000
-5490
-3768
1973
-5706
3076
-739
7296
-9867
425
5160
1486
7587
7928
-379
-1022
5585
1432
-8117
-8350
3567
4519
-9302
-5713
3179
3042
265
-744
7734
-6757
-7821
9484
-5116
-7086
2655
-2327
8169
9797
7250
-2517
-8333
2205
-4715
4247
2
492
-5812
8495
-9316
374
-9859
7531
-592
-6720
79
-3420
5124
4229
8054
3371
-3979
-7802
5186
-9781
-4777
159
-4562
-4693
7813
-8089
6201
9816
-3833
2656
9710
2574
5143
-9387
1602
-9645
-6
-6610
-5140
-9131
1320
-7760
-9982
-7081
-7773
-9283
5988
-1411
-5783
-6643
4764
-655
2497
6495
8811
2742
5759
8669
-2776
-9448
7582
699
-9783
792
-7413
-7347
8789
8889
2259
6172
-6365
-7777
3276
-6100
-3565
5694
-9269
-3150
7720
4499
-2585
-2638
2265
2035
-9512
8532
-7102
5355
5179
-9492
3944
-5634
7455
1982
9079
7026
-2209
-9598
149
1365
-9910
-8522
-3936
5275
-4000
4549
-4584
472
-7181
-1288
518
6061
3250
-2478
-3627
-3314
7424
-4094
5018
-2266
3375
2957
2796
2768
-5618
-9051
4386
-401
-2960
137
2448
-2852
3594
9879
-7618
-9747
-8886
-8924
-910
9799
-1557
5116
7917
-1609
4543
-6108
3777
-5241
1055
5480
-8909
7741
-3032
-403
-6392
-828
-8037
2811
8429
346
2134
-1986
-8613
-4501
1833
-514
927
9403
4973
8915
-3272
-7101
-2059
9569
-6560
-3500
-1319
-3378
-8212
-5136
1827
819
5041
-9214
1909
-5900
-8653
4582
-4932
8262
-8520
-570
-544
1800
-3122
-9173
-1452
-1703
-6078
2808
-3179
-2750
-763
3276
-7174
3405
-1464
-1540
-2351
-2078
1727
-6281
5671
4082
5493
410
218
-1032
-7351
8948
4956
9071
9247
-1306
672
-3882
-1231
-8066
8055
9965
-2608
-1044
69
1697
-728
-1617
7886
-4881
7055
-3803
646
-2650
-2204
-9495
6392
-2574
-5962
225
4532
-227
-6874
-7093
5726
-9724
4174
2633
-7696
9417
4374
1185
5883
-8951
8009
-349
-5912
7215
-2932
7418
8874
1042
1407
-4834
2247
4732
3849
-6438
4895
8155
8397
9378
-288
3684
-9830
1098
-3532
7702
-5318
-4730
-7718
-2527
-8892
5564
-669
-3027
-886
65
2115
5608
-7246
1791
3458
4746
3252
7092
-81
-9892
8486
1424
-7303
5032
9989
-7093
-4255
-8023
-9467
-5361
-7468
3426
2652
-3372
7917
-178
-9196
5221
-9898
1942
9189
-6604
465
3029
2065
-7985
-1469
-7824
2846
3566
9048
2521
6879
-3626
-2550
5336
-3531
-3194
1855
7431
9836
-5955
3148
-3159
-5925
2620
9469
-3047
-6970
-8414
-2630
2809
-6788
3874
-1585
5400
-8902
-5396
3361
-4188
8226
7025
-9119
-1375
1838
-6583
7136
-5723
-8920
-1914
-4704
-8241
-2740
9855
1491
-9158
1315
3986
-5310
-8148
-5064
3844
-5282
804
-2853
1116
-4761
-1769
-1932
2559
2331
-761
9840
-5628
-4036
-270
3432
3886
2794
-6886
2628
-5162
3438
-4670
6986
-4588
-42
-7119
-6913
-6011
-1837
7805
5114
3287
-5983
-3184
-1555
9835
-8635
6411
-1621
-4640
-9654
-326
4119
-846
-9718
1722
3877
7893
7716
3064
3238
-9203
-8690
7609
6170
-6970
7049
1626
7852
-436
3878
3705
-4060
-310
7951
-4659
6238
-9659
2827
-7565
-5006
-6769
-5472
-714
-307
-9399
8145
-9641
-8862
-8344
-1289
-3507
7512
-7755
-2703
9030
7473
6365
-8336
-1631
-1287
-1364
4950
-4405
6352
-7025
4235
5095
1179
-9298
-641
5952
8234
8513
-7862
3135
8228
-2254
-8040
-4818
867
-931
9918
-3461
9716
-6742
7835
7442
9857
86
-9107
-921
8890
-5050
8348
4549
-2253
-2371
-2388
9503
2988
-6438
-1389
-4701
-7366
1637
951
6082
4178
5056
8232
-5069
4185
-7504
-647
7320
-8288
-5995
5692
5709
-975
-9623
9497
356
-1137
-9993
4565
1876
6920
-6213
-7015
3705
-7549
-1469
2293
4264
5832
4242
-3426
-8176
-8239
-3083
1071
5254
-6218
3945
-8468
-7445
6978
710
-9686
7093
-3125
-2942
6543
-4708
-9441
-8919
8741
-4394
-1254
-4582
-7205
-4716
-4044
9366
4142
-8238
-638
-6190
4285
-3516
-3335
655
-2830
-9687
-3088
-1680
-6680
9693
4046
-987
4199
-4123
-9019
-8744
3526
4896
-7935
-7373
7856
-9655
-9406
9748
4854
899
-5574
-6989
-5226
-9570
-5923
1885
-210
6172
1870
-7296
-7963
264
-939
-6291
7771
-7877
5934
-4460
5070
-4487
-3481
-4308
-722
5968
-2493
6804
-5849
4964
-9426
-4818
592
6389
-8978
-1671
9962
3202
-9458
-4329
-7729
-5388
2992
4655
2846
4097
-651
-7060
6982
-7086
-5579
-7859
-851
-1000
-3660
9875
5202
-347
-3316
2987
5050
4214
-2162
-1761
4041
-1249
-6275
8554
7559
-673
5358
5135
1038
-4311
5560
7035
2584
-1647
-9207
-2519
8736
-2019
-5507
5331
-6515
-3213
-9955
-6019
4546
9875
5288
2232
9198
9617
5393
9718
6392
-1376
-1449
436
-6113
4707
9273
-2173
1503
7998
-4898
3638
1132
7233
4202
-8773
7344
1518
591
8108
5621
-2349
-4679
-4139
-4747
8606
-9729
-3733
5214
255
-8223
4872
-2834
4223
-4961
-4
-4695
-5491
-8302
5445
710
3669
-1917
-7472
5964
5170
2856
-954
-6532
9053
-656
-7889
9720
-3143
-6995
510
-8281
-334
-9726
-8431
-2426
2394
8319
-4841
2130
4206
5911
3794
7659
-6011
3075
4940
-9096
694
8141
-5459
1840
7717
-9323
-6011
-8291
-9473
8584
-6182
-1607
-4103
-6263
9851
-4850
1313
-8671
7600
6821
2563
6001
4736
2995
8647
-1957
-6334
-6982
1758
7624
8183
-5965
3774
4729
5167
2344
4893
4154
7489
-2055
8222
-6638
-388
-6023
-6548
-2142
-8408
9877
-2739
-5766
7079
1919
5849
6699
-1913
3888
-5647
7697
-5717
-8686
3977
-3719
-5922
8963
501
8521
-7858
-618
3275
9909
-2322
-6784
9246
-3101
-8887
-5909
-9838
-8811
7837
-4126
-7538
7476
-9560
8884
1877
5576
3833
-3428
-9086
-759
-9519
8979
-536
9432
-3710
-4159
-9432
5117
-7401
4003
1728
-6278
-2974
1844
3947
-1783
-6910
-5110
7165
5885
4584
3778
-7070
-7037
-9856
-5148
-9774
-7448
2641
-660
-5461
-5277
8104
-6039
2430
-11
4139
9172
-5630
-3007
1203
5945
-8875
-8569
-4945
-5228
1915
-2750
670
-3692
3655
-9212
-8339
5862
7123
7109
-4489
3451
-8878
3995
4394
-4992
-3610
-4877
1477
-6103
3493
-2209
8812
-9550
5485
-6247
-7331
-3279
6492
7547
1721
-4175
-2506
4959
-4017
5272
-1702
-6893
3685
-1630
-7454
-7305
9764
2922
5339
3957
6293
-4616
4491
-5689
-5980
9308
-3341
-1924
5884
-3725
7678
-4601
-944
6094
-4583
-5599
-122
-8893
-2840
-7688
-8846
5765
-6618
-7700
9123
-8356
-8458
-9790
-4777
-1883
-7451
7129
-3776
604
-4760
-169
6920
-1136
-6448
7055
852
7611
-3542
9673
-2422
6716
-2477
2894
-3817
4528
-3330
-6785
7332
-6430
8869
9638
-2780
3157
-7832
-4731
-8219
6333
3537
-2375
9225
5193
-6063
4645
-1839
-9916
4559
-2182
-6150
-2979
8985
8019
5
-9214
-3112
-6812
1648
3878
3823
1059
-6726
-3351
3269
8489
8584
2731
2348
-2432
-7698
858
7697
9701
-5870
8243
-4901
-410
-1532
-884
1976
-3170
196
-845
6429
-9093
-7625
4247
2871
9581
180
7305
5542
-606
6364
8284
-6327
-1914
-6864
-6748
-9569
-1993
5642
-816
-9923
-5280
4583
5583
-5981
761
905
4271
-2400
1231
8346
7958
5230
-1083
2929
2826
-3374
8848
-4923
9068
-8964
8814
-527
4065
6923
6884
3566
4804
5854
-8725
1217
-6397
-8143
-8694
-8243
2830
-9536
2087
-1917
7794
1328
-4256
5146
-1246
8691
1723
7355
3647
-1184
3819
4261
5902
-2804
-4831
-4878
-3839
1354
-5435
6567
-7359
8742
-207
-282
-985
5110
351
9807
-7566
7978
2526
3391
-822
-3518
-6555
-6751
-5904
-9064
-304
-1375
-4421
-6517
4803
-8094
-3110
4635
-1064
-89
7163
2800
-9005
6487
-6284
2676
-9021
9366
-9560
3403
9069
-3057
9853
-6859
-8029
2648
-9755
-3524
3631
4598
-2446
-7859
-6573
9175
2164
-2159
6543
3076
5833
-6266
4272
9141
4647
1233
4794
-1464
-6031
9780
9922
5638
5702
7803
7590
-2732
-4838
2630
-8381
8865
-5456
9682
444
-8160
-680
-6694
-1908
-9138
-9445
9531
7049
2459
9625
-9846
1718
1765
-5238
-7546
-1740
6498
5949
-859
5575
-8379
-9078
4801
515
4428
6414
-1461
3426
3946
9108
6375
7945
2025
-9836
-8894
-7432
-412
2179
3803
1472
7839
8710
2401
4068
-157
2573
-7539
-186
-6617
-8939
8620
4202
8688
-9897
-1909
1694
-5805
-37
-1755
7092
5497
-4023
4743
4004
-3268
-5695
-9216
6276
7699
7593
8348
7784
8770
7189
3774
9568
1262
175
1536
-3792
1678
-9666
1572
173
7153
6241
7133
-3606
-3749
1236
-5812
-3236
-6316
6712
4646
6545
5972
-767
6699
173
2645
6263
-3717
340
-405
8244
4212
7560
-240
-8086
5353
-3137
6509
-8809
103
8290
-4823
8603
8628
3855
-3103
6498
-7103
7823
7018
-7441
341
7526
6168
1520
-3392
8145
8710
-9967
9366
-3017
-9350
-9211
-9965
-6633
4967
4695
3346
7600
1833
3148
5868
-5768
-905
384
-5386
2911
5282
-920
-3672
-184
-9312
586
-2636
-742
4676
-8729
-7617
4862
6983
1359
-1940
9445
-1102
1339
1669
8683
-4719
-9166
4422
-4837
-8715
-5124
315
-5275
-7537
5060
-1119
-6968
-7571
5981
-9749
-6344
6299
1786
-4296
-5294
197
6211
4763
1172
2296
-3850
-9875
-6749
9624
9312
-7127
6831
6901
-9792
-6959
3515
8554
2390
6980
-7750
-843
-4431
-3380
5069
9140
-6790
-5343
-1627
-207
-5647
-1526
8228
8263
4800
-2249
-10
6776
4389
-9430
-7703
-5610
-2415
3563
4110
5625
-242
8251
2358
3350
6057
-9492
7044
3446
-3727
-7708
5639
3496
-265
5944
-835
-619
-3307
-8948
-1623
-6135
-1666
-3433
6175
6574
9064
7862
8856
-7789
-4357
-2819
4873
9349
-4497
-7466
4200
-3171
-7715
7963
-5496
-4014
-1234
9706
8539
5929
-7520
-5528
-7409
6960
8709
4328
9285
5106
748
-1782
-6334
-9428
-9160
-196
4887
271
7954
3127
9585
4066
7880
6464
4885
-4746
-3879
5043
7123
-3057
-1815
-3239
2970
-4077
-29
-117
-2586
6245
-1484
4224
1339
-6238
3328
-132
-8277
712
123
5798
3020
8857
-5630
5469
7590
-4736
1817
-6396
-3317
55
-7087
5275
8594
6880
-6263
7786
-7358
8699
-6417
4507
-2329
5579
5043
-5656
6872
3912
4929
-6175
-6915
2591
-7111
-5563
-5829
-5471
9390
-6214
-8042
7408
-9249
-8037
4186
-7625
6668
1717
9570
-4852
6745
-3929
-2392
3146
-4627
6683
1867
1456
5059
-4323
-7167
-7699
-4296
-7109
3312
-7811
-502
1668
-1410
320
-7551
-6046
-9720
4780
2869
-4320
-8428
6078
3109
-2055
1877
2764
7903
-8072
-6373
-5102
-5868
-3257
-9885
1901
-9925
-9002
-6978
-9940
42
1034
-88
-1264
-8128
-2032
-8101
2878
-7002
6657
2433
8745
8204
7025
-7349
-8103
919
3057
7375
-6439
-4558
-4867
-6690
3512
7294
9395
569
-439
-9465
-9109
3425
244
-1204
241
8207
-2443
448
6170
-8277
7306
8475
3839
4054
1265
253
-8826
-2846
-4287
-8728
4820
-6673
-7180
4938
-4700
2870
6237
-5002
8089
6950
1448
-5108
-3097
2872
-7441
7912
5392
4005
-9448
-6786
-7665
-7590
-7382
-1048
6362
10
-4940
8507
9721
7683
4416
7495
-1623
3725
4950
-1864
-884
6815
-3715
836
4319
-1985
5834
567
2508
-3567
4395
-6886
-8252
-5867
-2232
4461
-1752
-6816
9131
-5461
4405
2672
2456
4990
-7040
-4519
3862
-3312
-9428
9782
-4438
-5955
8861
-9907
-4437
2726
-7958
-5459
1289
429
636
-7706
1355
9817
-5344
-1848
-5258
-799
7574
-1458
-3859
-7801
6717
3959
3612
-3875
-4780
-4565
-785
-1389
-6553
163
7569
-2780
4918
-1251
-9079
-685
5714
2601
-6345
7266
-7333
-3368
-336
-1362
754
-3308
-1378
-3242
3251
871
-9629
-7363
-2895
-6756
-6869
-849
-3748
-5373
4680
5272
-5152
657
-6769
1760
3498
5016
2999
3107
-8763
2315
-5628
6268
-8943
8352
-3356
6966
-3830
-4631
9391
5422
4365
1617
9768
358
7637
-4542
-9377
933
2094
6427
5541
8805
2620
4182
9232
-6202
1140
-4977
8318
6090
-2595
-3708
3326
-7771
3306
-4915
3173
4255
-2652
4135
-4945
-5051
-7373
6543
-5648
-1160
-3876
-8610
410
-8645
4641
-9704
-3656
4615
4910
4188
4658
4678
4002
6447
-2055
-8794
4996
-8295
-1452
2653
6934
9382
-2184
-5798
600
7276
2472
-5054
-746
9863
-9504
-9515
-5700
-820
7001
4345
5217
7327
6313
-7460
8314
3248
256
7601
-530
-298
-8097
-3766
42
5352
8675
3082
9592
8171
3507
-9349
1976
4936
-876
248
-4756
3956
6560
4629
8658
7207
1147
-4791
-7701
6581
5991
2897
2049
-3575
8901
3783
5907
9392
817
-9014
7744
2425
-3547
9870
-7802
662
-1222
6242
2320
-1958
2757
7247
-6889
-8175
7550
-8786
-6981
2900
9790
-4783
-4182
-3299
9869
9558
-1426
3539
1209
6453
-8078
-6754
-4164
-1470
-1141
4360
113
-3740
-5280
-4537
-2445
2763
5159
-5589
3507
2492
2810
2690
-2839
-2076
-1330
5929
179
-4047
8266
829
1224
-1221
-8419
9545
1807
-1140
-3174
3601
5577
-5444
6750
-432
8299
9873
8259
146
-4503
1417
3023
6631
4540
1076
-7983
8342
7694
-7925
-7476
3535
-5971
-7268
6074
-5124
2509
967
4343
799
3478
-9023
9035
6228
4621
9736
-6444
-3448
-9231
-5138
-2453
3197
54
-9774
5511
4524
-3097
-7909
7420
-5095
7674
-4076
8956
-835
-3009
-6435
-4245
-8001
9745
5132
1751
-7366
-7361
6222
235
-78
-8396
-9692
5226
-572
3920
-7759
-6983
683
411
8682
-4979
-2810
988
7415
3577
-2485
7990
9616
6100
1222
-2823
2666
5585
-9507
-6628
-2451
-1507
5914
212
-7780
3623
933
-8030
-7203
552
9479
7659
-2447
1747
9929
2274
3843
-2764
901
-109
-1439
6435
6981
-9809
-1461
6123
-2851
-7384
8665
5560
-5124
-826
-6475
6446
-3111
-1254
4009
-784
-5956
1654
2716
-7996
6788
-2113
-2177
3245
-6102
685
7882
-3985
5417
5099
-6688
3739
105
-1229
6282
-6070
-6295
-6405
379
-4590
4011
6871
4640
-409
-1168
4020
97
1440
5254
8502
-3951
-4142
1545
-279
-3829
9592
-9688
-2166
4867
977
3124
2439
-7735
2288
-6078
-1425
2641
-4466
6756
-3850
-9261
6322
1356
-1374
-1455
-4490
7261
1084
-7293
-5902
-2366
-6192
1223
2202
9898
-5586
-6533
5598
-9672
-3230
515
5992
7681
-2415
8979
-2686
3940
1340
4533
1878
-8204
2591
-687
-663
520
-6726
-6053
-2494
9293
2247
-7090
6007
3304
975
7001
2814
-269
7375
-7489
-224
-2335
-3778
3884
2106
7198
-5057
1636
9097
-5409
9326
-1581
-6881
-4727
2269
6715
-1806
-3361
1466
272
7826
-6365
2430
-4357
-52
2753
-2342
5997
-7770
-8628
-865
3756
-2432
1608
-8721
7519
-4521
-9167
-620
2844
7917
6317
-9496
-8267
-1470
6702
-3480
7739
2854
8604
6951
7758
-3729
-7191
-464
-2280
-7227
260
4887
8162
-79
1312
1476
3228
3034
4284
-7305
5897
6826
-667
-5777
1809
9443
2011
1671
-4069
7241
1483
8686
-6054
-8342
6627
8223
-7438
-5548
5629
1478
3075
698
6293
4274
-7649
3245
-5900
3628
7546
-5385
-5466
-5047
-8596
-1220
-4839
3810
-3751
1820
-9603
-7531
3949
-1676
174
5242
-6161
7298
-1993
6135
-8836
-8804
-1378
-4834
-2387
-3638
8533
-8337
5219
1619
-3248
2724
-8840
6336
8323
3644
-3772
3948
-4037
-4785
-4573
-8657
4580
-796
1667
-8319
3898
125
-3336
2521
-3863
9877
-4928
412
6530
7523
-4278
-6263
9715
-4266
7230
-7381
1645
-6372
588
7652
5276
-6579
-2950
2299
-743
4701
9599
-7246
6769
1153
6826
-1498
-1443
-3138
-1933
8645
-4704
2650
801
-1752
-8574
-3803
-5392
192
5392
-4870
-7017
-9729
1443
2152
7257
-8895
9387
-8553
-1516
-5039
-237
-4643
8413
7191
1801
7957
-3768
5832
-1711
8366
818
7171
1856
-8584
-1277
7858
5924
-6272
8254
-6977
3294
818
5139
-7297
-1278
-6326
7300
-6360
6160
4231
5284
-2264
9320
7090
-7143
1466
7881
9109
-5450
7938
-765
2596
-1807
1195
9856
-2129
-7412
-7543
9813
9678
9671
66
1104
1973
5127
8425
6764
5394
-4809
-121
-537
-90
-4677
-9381
1746
-5936
-7788
2803
-7531
5444
3560
-5349
7757
-3330
8479
-9018
-1335
-7811
5915
1502
-5879
7062
-3796
-3014
6148
-9055
8377
-5390
-9844
-9999
8244
-502
9702
-1533
-3865
-7354
-7650
-305
9492
6005
-1365
9123
2712
1421
7822
-5800
-6710
-8917
3832
-1149
-1686
-5556
8593
9368
6156
5349
-1096
6185
621
-2728
2684
-8477
-2965
8752
456
9171
-8531
-425
9163
5219
-8219
-3539
3918
5821
-1888
-8091
-642
2005
-8195
666
-224
-773
1896
-1556
1532
5318
-8793
-6172
-7730
-8774
-4808
5914
-5374
-4280
-8540
-5363
8912
1749
9551
-9461
-6036
1214
6904
-7613
-5453
-6921
118
9466
-906
-1186
-9588
-5990
7650
-385
5285
-1651
-5320
-7232
9362
-2660
3656
3686
3674
-4644
6180
-3531
-4743
-8236
-727
4105
2553
-8023
-6684
6803
7451
-7555
8611
-1348
959
-210
-4239
4147
2206
-2856
-885
-7833
-5455
-5452
-5522
8032
7156
9179
-1269
6540
-9966
-649
8793
-7738
-852
-2088
3305
-8701
-1506
-261
3884
6713
-8323
4326
-1314
-8442
2654
2490
5889
-8732
4119
2614
5300
-9819
-7833
-3740
-4155
9476
9306
6717
411
9477
155
1659
9021
-8279
3697
-4486
-3487
-6495
-8105
-5405
-7052
255
759
7631
-9257
-2823
-1016
-5084
-7187
-6445
6309
4627
-923
-402
7656
5927
-461
-8075
-146
-4202
687
-5310
-543
4321
-8522
-7962
-7548
8824
-1239
-7622
-8396
7669
-1347
-1592
-666
4866
3170
-5730
1376
6619
8008
-6863
9510
-1451
-1959
7051
-9030
-8375
-5691
-5409
-2359
-9637
7089
9605
1755
5958
3639
1085
8680
3628
4779
3198
-179
-4159
-3143
4831
-5303
7160
-5926
9615
9526
2668
-2491
9299
4213
3587
3560
7996
-1646
2389
1675
4158
934
9252
-7121
405
-8285
3452
8285
2788
7330
-7116
6123
8407
8586
786
-9560
4974
-147
7428
-8127
1442
-4948
4978
4917
7188
5625
5124
6499
-350
4360
-4828
7299
2317
8575
2854
3095
3781
-1824
2125
3785
-3658
-7462
1997
-7217
6461
8212
1994
6081
-5683
518
-1929
9653
-2242
-8540
1999
-7869
5205
8132
-5595
-3023
2257
1833
4257
1906
-6100
-842
8826
-4927
-5334
8242
8139
-1065
-5945
-8510
5467
1406
3257
9212
6864
-2501
3952
6850
5859
-317
-5311
-4405
297
-8575
-4730
1605
9467
-6548
-3827
8241
7303
5810
-9748
-5107
-1881
2116
-7486
6725
-2554
-6292
6598
-278
8216
2948
7555
-2935
-2884
-3344
-8653
8642
8300
-7622
7303
9888
4039
3840
7609
742
-7107
-7315
-4048
6677
1278
6130
5063
8398
6212
5962
9165
-2418
4125
8557
-1011
5262
484
-6318
1404
-2063
1650
360
-4030
4521
5947
-2105
8436
-544
-9085
-6312
7487
9383
-7239
-7487
-3524
8794
-2539
4115
6413
5642
3293
-5194
-5338
-2161
3207
-1350
-3895
4850
-5797
6228
5628
9845
5177
4634
6068
6800
7724
-9977
-727
-5251
5786
8304
2650
9500
-4091
2327
4167
-8944
-3442
7287
8824
702
-5161
-3287
-1250
5935
-4871
7863
-7218
-3123
3892
806
6770
-8462
638
5011
-7820
-9261
835
-5826
14
-9762
-509
-9054
1507
-2791
-5877
-17
2199
-6772
-2559
115
-3602
-6218
6964
-8213
4266
2356
1156
5471
441
-8968
478
3820
9896
-925
9545
-8205
4291
907
-5816
-7954
-3656
-3207
-1891
714
3543
-9624
-5033
-9100
4219
-4980
-1324
3773
-4592
9283
7180
-8654
3195
-4536
8646
-6728
-1626
2222
4469
2474
-2159
2448
-7714
-4832
-4692
-5897
5830
3638
4162
-8054
-2258
-9604
8110
2238
-5666
-8323
-5466
-3135
8507
-8572
693
6671
7486
-712
-3129
1307
-5645
-700
8394
-3457
-8794
2951
-4776
2529
-3526
8194
-8566
4695
-1032
-8351
-908
-4505
1400
-6043
2635
-8501
4025
936
9767
-9019
-9042
6826
2060
5462
7091
3461
4160
-4614
-1877
-4168
2845
8314
-1770
-227
-9478
9603
3642
-1412
8387
-2625
4957
-7801
-95
2253
649
-5906
-8189
-1287
-1246
-7829
-6207
-9436
-640
-1507
-7453
7929
-2772
-481
-566
5790
5664
-9732
7457
3978
-4457
9210
-2376
-4795
-867
5726
7944
-8442
983
-3446
5375
-4343
-8863
-2286
8986
4875
2811
-3644
8006
126
9645
-962
7756
-6647
3367
-8367
5751
4285
8116
-5531
1721
-5142
-3504
8087
-4138
-228
-8445
-4121
-7311
2125
9974
6975
-9591
3958
-577
2670
-4207
5442
-5008
-1013
-3696
-8097
-8353
-599
-278
9369
4787
-132
4798
2796
-8321
-6177
-2061
1186
9249
5116
9893
-3092
-6829
-5863
-1793
3335
2118
-354
-3698
7778
2733
-8259
-2827
911
-2297
6537
9934
8784
-7809
4018
-2312
-1996
3430
-1740
7696
-743
-4471
2739
1579
5884
9817
-6111
7592
2960
-3391
-8439
-1959
-7160
6469
493
8100
3079
624
736
-3025
416
-5269
-4168
1653
-9106
582
-294
6359
3933
-9971
-3502
-7674
3224
4903
-4824
6494
2788
-6158
7212
-6690
6968
299
6711
2646
-9224
-1344
-8229
6340
1613
3851
6370
5933
7383
-3638
-4209
2013
6790
-2852
3342
2982
-436
-9493
-3823
-1830
-4312
-5397
2860
6094
-8747
-3675
-6052
-9317
-639
-2823
-9045
4565
-4946
7103
-7616
-6098
-5925
1762
614
-6140
-5727
6977
-6401
-2555
-5647
-9765
6104
8748
-7772
-125
-7222
4690
4532
-7894
-8876
5637
-2110
9579
-5868
-22
2269
-4336
9849
-5875
8271
-7401
9245
2282
-8806
8143
-5736
6955
3755
2378
4873
-3958
9158
-418
-2187
-6230
-1936
-2261
4125
-4409
6510
-4912
739
384
-4727
-1722
3797
-6120
-826
5694
-4531
7599
2887
2876
3404
-1516
-3463
8650
-483
-8078
-7244
-8053
2264
-4724
-6759
8956
192
-8577
5297
-8564
1226
6353
-9896
8365
8581
4081
-6155
-3543
8432
4501
8479
3452
-9758
-9597
8657
-6066
-9552
2494
-8551
-9075
-9062
-737
2723
-5963
-9634
1946
1140
4572
3833
-6591
4508
-4072
-625
-7914
7959
-7519
-5104
-9916
5062
4648
-2300
3549
1902
9780
-5440
7014
5301
1
9466
4413
2612
8576
-2156
-6321
-9414
-832
-1662
5293
1882
-7929
1674
2403
5703
7683
3762
-6590
-1132
4956
-5149
2710
-6888
1582
4823
1593
-576
-9052
791
-8811
1228
-8252
-3862
-8255
-636
-7065
3179
9895
9615
2508
4329
-5711
2842
-4345
-1391
678
9934
-9384
-2667
-6439
3486
-8686
-3187
-1410
-4664
529
9518
-8889
459
8863
2176
9765
6488
-1189
1192
6400
-2187
-8106
6258
-4602
-441
-370
-7586
2861
-6339
406
-8632
4576
-3589
-6484
-7977
-2148
30
4426
-5117
8250
2898
5706
-806
1877
8576
-5300
2029
2781
5704
-3650
9356
5666
-1380
137
-1762
-7132
8057
-5104
-7759
7255
-2074
8683
1561
-2569
-4722
8767
1324
2012
-9125
-8214
3559
-1599
1265
-7756
2764
-3431
-2668
-1254
8185
9804
2215
-3141
-4062
-3724
-6965
2050
-8860
-7582
3805
1135
3734
-8190
9588
3977
2732
-8372
-7970
6295
-164
3368
-9148
5330
-9627
1259
-1131
4891
1824
-9485
-3029
4894
9590
6574
-2220
9811
-8495
1637
1825
-9525
-8169
8364
-6980
3785
-6195
-6799
5030
6195
-9143
1306
10
-3047
-183
9727
1137
-5003
9653
-6456
-4745
7846
-5755
-6940
-1399
4651
-3712
-7931
-3737
3283
-5398
7908
-721
-7560
-1746
9179
3063
8355
-6776
-8399
-7890
-180
-9123
5899
7455
-2583
1623
-5483
-6116
4036
9139
1354
9088
-6667
-5048
4881
1794
2439
-8990
-1312
-5788
-9225
-3908
-6498
-9978
-4905
-4012
-2237
-4648
3215
-703
-5898
-4786
-3231
-7257
-115
4862
-9
7249
7911
-8098
7872
9738
4290
6904
4407
969
720
2097
9349
71
-7351
9714
-6449
-3680
6598
-5637
-6949
-2147
-4689
-4839
-7542
-9647
1433
-5986
-3856
4230
3828
1884
8037
-9972
-7322
1686
-6967
-1888
7942
9321
-4387
-2664
7308
5234
-9388
9288
1454
-4557
6309
9576
-6948
7191
-8070
4989
-6449
1941
-7642
8274
-4085
8113
-8063
1897
34
6504
3552
3440
-3132
779
1769
9783
-5125
902
-2380
3303
-6179
1207
-9572
2866
9747
1658
-3249
-4793
-752
5484
5264
-2399
4888
9687
7711
3420
2437
826
68
-2144
9918
-3309
-886
1795
-672
5109
-5220
-9605
9417
-3016
-3677
-6566
-3560
6609
3144
3274
3197
-1562
-5175
-4323
-3331
-8770
-7378
7509
-2761
-5029
-9049
5075
4221
5881
-3991
-6084
-7659
5529
-2354
-9982
-4493
-9240
2537
-4155
-7522
-4340
6245
-4935
6872
-1467
-4572
1822
9782
-3987
-9256
778
349
1001
9729
-934
580
-2146
-9656
3317
-1452
-2895
-9046
9856
-1102
-9374
2094
5404
2687
8752
-2837
3923
-5356
-3104
-9230
-8594
5806
9865
-1649
-5665
5594
7261
-6987
-7707
-6210
6655
4563
-201
-9041
6830
6423
-4024
-2207
3601
4454
-8914
-4945
-319
8913
-3163
2258
-2700
6637
244
419
-1043
8473
8617
-4578
-8411
1509
7267
2379
4424
-5399
-1343
-9732
5749
5561
-3054
8499
-4096
-4781
-7121
-6365
6666
3858
8411
-9425
8777
-1792
3141
5992
-7705
-3487
6509
5204
9713
9855
1401
-1390
-7637
1034
5711
-464
217
-7897
8394
-8331
-2898
5231
-9337
6071
-6737
1145
-4218
-8183
979
6666
-4740
8431
6186
3538
8922
9527
261
-7737
9714
-9541
-5284
-6907
5661
-8142
3044
-3558
-381
8697
9474
-6131
-8013
9110
-81
-9480
-6859
156
3964
2782
-9933
4563
3974
-498
9888
-850
8966
-2759
-7050
2677
-8392
-476
8285
4352
-2532
9338
3169
3618
-250
-6128
-764
2960
-4395
8682
-5187
-7751
-7426
320
3228
-9983
9037
-8489
8155
3087
4245
5790
5875
9542
6699
1208
-9068
-62
7622
-8901
8222
8279
9324
-2551
8494
-6166
6864
-3550
2600
7432
3450
-2531
8337
-4749
-383
994
-8687
2154
-7493
4924
1283
-3432
-6300
-4887
-214
-7098
-4079
896
-9338
-7612
-675
9928
-6704
-3631
-5947
2061
3056
-8804
-8705
-7924
-5164
-4714
-4514
350
-2419
2612
3227
716
8573
-2301
4336
9214
-2331
-2977
8229
-6429
-1858
2369
906
7608
3311
4461
-3814
754
-703
6749
2664
1344
-4287
6800
-4009
9881
7333
4811
9480
-8740
6442
-6001
-9688
3398
-1456
-7620
3851
8100
1067
1950
8669
6834
6400
-1518
-8116
8806
-5275
3006
-8736
-8023
2970
4258
-199
-860
1521
-62
2247
-1595
5851
-7826
9242
7417
4467
2621
-5378
9558
2666
6846
9285
-681
1492
-5409
-6025
5722
-5843
-1433
2295
8824
886
8807
6887
5632
1960
1891
9996
5569
-9519
6739
-7991
-5710
525
-5111
1280
9507
1481
-1176
7314
-7158
5040
3002
-1485
2291
-1608
-2338
-6370
2999
7947
2454
-5356
6948
5450
-257
2444
5321
7743
-8280
2999
4277
-5385
-6747
-5870
9444
-2965
-8971
6209
-2149
-1350
5929
-7794
-5062
8464
1867
5118
-5712
-6046
1345
-3841
-8975
60
-400
7262
-5559
-9124
-1824
-9240
5723
-8875
-6631
-609
-3305
-2357
-6769
8652
9428
-2071
9407
-9433
6887
-624
9157
-2066
2612
7526
-7810
-521
3432
-9566
-5123
7985
6094
4213
-8424
2655
6005
-100
8119
5207
5673
-1847
7976
-4349
9243
5490
2628
3171
-4348
5525
1138
7233
5685
6271
-741
-65
-554
-8743
4343
8998
-5558
-2107
8221
1728
3739
4497
4465
7678
-5132
-5138
6094
-5301
-2569
-6219
9968
7245
-2311
-9765
-7316
9053
-2332
-2826
-4566
2492
-1373
4992
8806
9468
-1991
3176
7530
2261
-7626
1345
472
-8146
-947
8481
-2531
4824
-7591
-1645
9571
1731
-5243
-1781
6191
896
-6746
5728
1559
-2666
143
-7845
1546
4741
2956
6744
-1027
-6634
-3333
-375
614
-4689
-7732
1848
-9952
7500
5423
4713
-4089
-4977
-1995
-9446
736
5209
6996
1984
7416
-2787
2786
-1227
-3020
2867
-7408
7789
4570
-5608
5785
-9172
3391
-6766
3049
-729
-3745
-9733
7464
8480
-1492
8521
7601
-7260
5276
6144
7312
7094
2850
1458
8742
-299
-6709
5500
-1671
6628
9436
-6880
-3534
-9431
-6974
7582
7355
6691
-4226
-7096
9808
9763
-3193
-6192
3550
9990
-8556
-7019
9
-8736
-9615
5850
4217
7296
-6966
-6646
-897
8277
9323
-312
-9036
6668
-5778
8366
-7846
-4902
2985
8126
-2134
-2761
5124
-4782
-5426
-675
-2167
-3279
-1833
8367
-3281
-2454
-725
-3139
6999
-1370
3280
4257
6488
6374
-7863
-1881
-3321
-5045
-7965
-599
-7081
7719
5121
4270
-3427
-5476
-9684
7277
1061
2097
-2368
-3754
-2147
-5011
-3179
-8773
8990
9949
4909
-6849
1917
-8017
-3707
8954
1637
-9445
-1804
1583
-9610
-7814
-7721
4115
-7883
5394
-9088
-1688
1638
5552
-1535
4324
9667
-314
8730
377
-8148
9281
-8480
7646
7199
1665
1685
8167
9890
158
-6190
-4302
4810
-5511
-3810
7257
9097
2030
-5728
5203
-9407
-6479
7125
4088
9902
26
7552
-4751
9696
-9790
4143
-5278
9968
-3813
-2105
-7808
-5458
5806
9558
-4515
971
1369
8745
5270
-3202
-7861
7264
7026
-3746
-4744
7135
7134
-1062
8617
4974
-9370
7378
3192
476
-2101
7529
2982
-5846
-9298
4923
946
9274
9114
8434
7173
-2779
3590
-3777
-6769
-6458
-305
9589
7607
2462
2750
-8985
4831
-1346
4502
1900
-4776
6736
-1379
4600
657
-9825
3813
115
2930
1663
123
-487
-896
2558
-4214
-6724
196
-1514
-6983
9107
-444
3533
-4812
-4218
6673
-3877
-4702
8722
-1679
6476
5034
5672
1661
-3686
-7444
765
-2847
-4785
-6855
6898
2409
-6326
-2799
-4249
8875
-358
4848
422
-1136
9659
-4276
5064
9713
-2405
4907
1028
3076
1276
8681
-4057
-6518
3821
5802
7085
2771
-1359
-3893
-3410
-999
4243
2494
-5331
-5012
-9707
-4205
-9241
4796
-2005
-7893
-20
2086
-5935
1298
-4698
4666
-8756
-8290
3684
-2656
9600
-1259
-8433
7891
-3348
-7604
-8394
-1125
-1952
6552
7136
-6017
-5549
7139
-1362
1918
5912
-7005
396
-4076
2519
-105
4489
-9497
-596
-1215
4088
-59
5163
-4333
-5021
-9551
-6613
-6934
-4360
7115
-6701
5381
-2386
-6859
6610
4365
-8447
-9503
-9951
4234
1816
580
-8775
1502
1593
-9311
7755
5143
9835
898
-8832
-872
5773
8304
2872
-3536
-9134
-2820
9864
-9773
7416
3682
-9800
8973
-1002
3043
-8131
-3147
9014
-6075
4187
2168
-4948
-1267
2519
-9988
4872
-5512
-7045
4185
-7671
6625
-232
8336
-7252
-9680
-4676
2055
-8779
4331
3665
9689
6875
-50
-1633
516
2575
-4995
8407
-3452
-4043
-5822
6844
9281
7559
-9082
3658
5547
4894
2624
8180
2307
-5751
-6201
2128
-5641
2419
3043
-6065
1285
9172
-7679
7817
-5565
-7789
-450
6854
-239
-2642
5220
6626
5894
-5544
-6046
-6038
6232
4325
6165
-8465
3719
-5541
193
-7908
8228
-8673
-778
-8641
8510
5774
-5847
-470
7752
7008
9043
9987
4646
-7410
-6875
6099
3910
-7302
-4618
-1966
-5
3108
-5282
-8113
-1997
5824
-1382
1910
-324
-997
-3835
2401
-7509
-3376
-637
-2480
3207
2359
-966
-2470
3600
-8588
550
-3013
8453
-6136
6197
-7177
-8321
6821
5523
-2419
-7746
3
-3876
5179
-2691
-2408
4569
-2933
-753
5408
8044
5285
-5964
983
236
5161
-2931
6337
-2638
8521
-8128
-4846
4202
-5497
7030
7839
-4716
6873
4096
6715
-1293
-8839
-8661
4141
8454
4833
-3698
-6092
4840
525
9743
1319
8572
5014
-1632
-9147
-2501
-1903
-1692
-4614
1677
6902
-7936
-5737
-2480
-7655
-6934
3612
-3021
-3664
-8896
-5238
4034
-6908
-4330
5985
-3743
7744
9539
1169
-6392
-6687
6831
9424
-6611
6080
5497
-1577
4696
-4014
-3162
-2647
7173
6820
9095
6417
2594
7291
1780
-7273
9176
1277
-3818
-6178
1393
5068
-6741
3312
1524
6325
-2679
-3420
-5354
6976
-376
9105
-7399
-6124
4304
-8434
-1131
8178
4732
-3883
-8316
-8397
5600
-9534
-8098
-7797
-4080
-4738
9051
-8472
-4985
-5794
1682
9516
742
8598
6115
2748
453
-3686
-2562
-7982
7499
2280
9437
-4474
-1083
3836
-1115
-6026
-7484
6015
4437
-5773
-2675
8016
80
5336
-1103
-917
-1465
-5385
-3308
-3281
-2969
-8193
-8246
6294
-6349
-3416
-1146
-6490
-7007
-1370
4495
-670
8112
-847
6170
7290
4642
-8982
-572
-6779
7964
-7899
8825
-1199
-4476
-5789
47
7086
5011
8599
7350
-2145
2108
-4296
-8812
-2778
993
96
-357
-5542
99
7339
-9993
-6912
-4589
7030
-8191
440
5664
-8990
4795
-5610
-6705
-474
3167
7029
4733
8203
2939
-4195
-812
662
8734
-1544
3783
-2679
5027
-516
7552
7936
-5609
-6327
-5
-6157
-8113
-4037
-9446
-3559
6451
6510
6374
2592
4885
-8502
-9918
-7400
-1147
-4642
-5008
-453
-3333
5175
2901
-8183
4129
2891
-5961
8140
2930
-15
-8334
1618
6042
-2873
-4960
-5036
8061
36
7660
-5031
-6200
5521
-1625
-6278
2235
479
-7903
-6472
9882
701
5498
9937
-3672
-6609
4091
-7789
6105
3620
8529
7634
-5518
6312
-1208
-783
4773
3915
3741
-3179
5751
4182
-3631
-5291
9198
916
5026
-3719
5158
-5494
-2213
-6650
-5663
-5489
2975
2284
-3679
2888
-8985
901
-9980
1558
9158
-2197
6809
8003
-4177
7363
9810
8224
5411
-5515
-6980
-4627
6522
7609
-7252
-542
-7932
-2244
849
-8303
4980
8866
-623
-9260
172
4615
-4081
5134
-2728
-8299
-4558
2430
2132
3849
2223
-2274
-6170
-2557
-6337
2702
318
5396
6784
7325
9089
2417
4684
-3383
9815
3065
-6467
970
8476
-5663
2155
-6219
7115
-7172
-3694
8250
-6255
4793
2813
4220
-3980
-9216
-6782
-9639
-6138
5536
7887
-2480
-8168
-1570
1965
-3787
-4108
7040
-2745
-4640
5836
-5897
7433
-1667
5212
-3015
1173
-2226
-9564
2435
-5849
5913
-8290
-1314
9788
2734
3655
3776
-9215
2616
-7189
-6193
-4432
-8100
2376
7393
-7906
3510
-9774
-1215
-8529
-5741
8440
8897
-863
-7648
-6041
-5121
-9027
-4054
1709
2404
-8574
-6333
-6096
5064
-1859
-310
-3604
-1943
433
-2395
-5070
-291
7746
4043
-5911
-8479
2439
-4054
-3781
-5088
9154
-3902
-5203
9121
7470
2421
8712
9806
-9573
-5783
-4608
-6310
-3033
9017
-3713
-8140
1627
-609
2494
-596
7492
-2927
4686
-1172
-7524
379
-8358
-3178
7210
5694
2694
-8036
9930
3578
-4115
940
220
533
-6272
2359
-4430
-3698
-5079
-9678
-9093
9856
-8768
8706
-447
2287
-9792
652
-2415
-3067
1128
-1645
-7464
-5838
7070
-6947
-8906
2552
-5961
-8804
-7148
-9104
3199
5660
-6503
8071
8657
-4717
3906
9872
-6512
-5389
6656
-3555
-6007
-16
8428
-1669
-1116
1683
2738
-2310
2501
-57
2488
-4916
410
-5085
2877
-831
-2919
-3616
4425
-4444
-7544
-2279
-6972
-2009
-8145
8710
-8102
-9718
-5118
-1264
-9131
566
-5163
-1292
-6004
-3560
264
946
5482
7764
-6000
-4140
8858
-4159
-9099
5649
6630
7908
-1856
-4791
33
-2937
-2814
-1555
-3047
-355
3106
-1833
-2624
-1583
9729
3290
-4794
7749
7535
-7997
-571
8961
4398
6471
-1039
9777
7884
-1956
-9755
3215
-564
2658
-1413
-520
-8826
9441
-9098
5446
-4937
5052
-529
4958
7828
1220
-4893
7242
4184
3368
-3819
9991
1440
5472
-9865
-2887
84
5198
-1847
3650
6721
-8178
-8865
-3774
-2758
8553
-3715
-6470
3343
-4815
4414
53
-1705
-4137
-7139
8667
761
-4849
-8823
-9090