649
-486
358
-850
-379
-874
-355
297
-163
753
578
-70
568
-257
-507
-923
-969
538
-676
942
-325
-646
-42
-46
488
-515
-334
-900
-342
617
-57
445
202
669
516
-511
337
413
584
885
-916
-976
712
-968
188
-998
-346
-328
-975
91
-152
-743
-955
-951
359
-893
12
-341
-530
915
-891
594
473
-734
-484
-203
-152
303
-488
-234
343
291
-566
904
211
-373
718
-726
726
579
-469
273
-349
209
763
899
212
-748
-585
-263
421
-657
-739
-383
-532
-401
828
514
333
-349
-560
809
-954
-991
-105
467
980
988
-395
268
533
-385
-292
428
687
-296
-655
-369
820
672
541
-672
276
-620
102
79
-332
893
109
250
-530
422
-364
-692
570
-47
377
-492
676
782
-720
-152
320
141
-821
-458
541
264
-108
-125
662
-889
396
606
179
-280
60
-261
735
242
83
716
539
-65
148
85
-184
342
-518
-554
941
-127
-649
798
-957
963
171
117
310
170
-686
716
-153
-230
-464
-940
-790
-387
-239
102
711
-984
-222
521
648
-297
-202
-479
688
-893
841
196
-115
271
146
319
-570
-295
-50
-368
611
925
273
669
280
161
264
976
853
496
234
-603
-79
450
177
-278
362
306
159
-436
11
-658
-110
717
434
851
905
-506
-612
-943
487
-948
897
-196
229
73
-80
-616
-570
509
763
-66
751
936
745
-162
690
-9
766
-126
626
-769
432
961
640
-281
87
388
-915
-566
-509
733
-941
-798
675
313
-800
-759
981
772
771
-21
165
-684
-576
793
172
-638
195
-490
337
365
410
-893
851
-564
966
101
348
532
-300
-503
130
934
-309
967
102
-86
-576
932
-23
17
848
383
-419
995
-936
643
526
475
-89
-784
723
117
15
530
-481
921
500
-880
614
402
532
-943
-601
825
-255
-685
813
390
-230
-499
-117
-373
-755
302
-323
-956
0
-99
633
351
-481
-779
-967
707
883
-346
-921
-917
-851
-135
-394
-672
106
487
-323
-580
60
-762
-66
709
-453
-377
-163
934
-340
-143
-403
812
-552
579
188
81
-17
860
133
-450
887
-107
501
97
154
416
568
250
28
336
-730
485
718
47
542
-120
830
24
280
264
-947
541
711
-666
587
424
156
-885
608
718
510
-906
484
456
-766
-768
-874
334
714
-436
850
806
-291
725
-83
709
37
-588
768
-302
-479
471
191
24
-4
748
-545
-312
944
964
664
693
102
-395
986
-271
-2
-195
-298
431
143
-244
555
923
-511
171
802
387
-575
-279
-674
-34
-459
-184
525
-571
159
-704
-565
222
-553
732
-472
-126
827
-534
-402
763
-141
-780
454
-101
-479
-580
-763
-370
732
-113
5
-432
-560
402
292
-294
363
-598
90
-303
-567
-255
415
-861
312
410
-850
-775
-381
504
399
-912
-126
-815
-90
-601
950
-57
-201
230
344
-597
-290
822
-972
41
-623
609
484
996
-692
-798
195
-388
974
-864
-128
405
-464
-988
869
586
304
-961
510
141
-428
680
-535
-112
-779
-935
553
-147
-743
-628
198
139
930
103
640
-959
-977
-630
-819
-32
546
-634
175
435
-959
338
141
624
78
-889
-422
-477
225
348
-912
841
839
-953
-199
-326
603
574
860
924
753
-48
664
857
-957
-870
-659
953
243
697
134
-235
-730
-105
-910
343
918
52
45
-368
237
-96
-359
-537
-297
479
-293
-29
758
-443
-934
745
-357
-664
313
-501
634
204
-242
975
-517
591
878
-531
778
685
-864
915
326
-225
172
-160
-319
835
-508
-35
335
897
630
460
-390
-722
464
-12
-35
-267
-493
387
606
395
881
186
-804
776
-933
-603
411
-635
-916
-629
693
-485
354
-192
446
-430
484
727
-988
-636
-956
-461
-722
815
509
-554
-815
370
-964
103
756
77
-620
555
765
-73
-87
592
604
-8
-402
-782
31
630
99
-556
12
29
465
407
630
894
-255
-375
-454
240
-359
454
79
-32
-813
251
-662
-656
768
-467
-164
-15
333
822
639
264
-192
160
-227
-488
-340
-586
470
-308
101
408
-755
803
704
842
568
472
-949
263
-656
-982
-546
383
672
-941
-281
-71
-365
-855
-588
836
353
-499
871
-301
634
-40
16
-472
-889
409
613
332
182
-621
-192
-140
-781
-39
162
-909
670
187
-865
-167
-357
-448
-392
-327
-13
789
83
499
-198
-369
24
-265
745
685
898
909
-326
966
-860
-890
542
-462
-104
874
690
852
-160
-505
677
-374
63
919
-21
-473
-531
-200
-571
789
357
114
664
956
-585
680
926
-570
67
764
496
755
-757
-456
890
-976
-633
-162
-873
121
-393
-961
111
-529
-314
-647
-217
-974
-735
450
-356
-360
672
-994
23
209
704
-779
621
-1
743
-728
-609
865
293
-106
524
-971
-819
-792
377
-262
-684
59
-905
-856
621
-154
596
-726
588
172
706
254
-44
-518
-188
767
851
777
-815
296
-139
-433
-801
-23
672
126
-828
-860
911
364
308
183
801
-756
560
-998
261
733
-884
-43
491
119
-267
534
-876
-930
-531
-587
-743
-613
541
996
352
-288
-879
-44
271
-941
-898
-985
861
51
582
431
-636
780
-840
-246
589
976
-789
-746
688
-280
-315
737
347
852
849
603
-705
-35
-685
12
202
612
-269
719
-52
-529
563
-288
62
329
778
311
-682
-913
14
962
503
-543
239
946
977
408
504
-347
278
38
536
344
749
-130
-56
117
730
-254